0.3651    0.6445    0.1232    0.5191    0.6748    0.5246
0.6445    0.9941    0.5806    0.7821    0.4852    0.6289
0.1232    0.5806    0.3590    0.5517    0.7252    0.6170
0.5191    0.7821    0.5517    0.6643    0.6127    0.4602
0.6748    0.4852    0.7252    0.6127    0.5749    0.5240
0.5246    0.6289    0.6170    0.4602    0.5240    0.2095

0.8633
0.7855
0.2182
0.2916
0.8773
0.3536