0.0685263546412434,0.18514435034081,-0.505863268205976,0.685440504698562,0.421387147540842,0.453565095192978,-0.519810581145745,-1.5600005074802,-1.05558596424894,1.08744622386798,-0.438597907691835,0.314648133513598,-0.169897147412061,-0.978237299624397,0.496559375377395,-0.00418732287201881,-0.351658020955273,0.0926040905420689,-0.485044977338368,-0.172980682996346,0.877570492153685,-0.00591830069765598,0.267815293499345,-0.869281325395843,0.460520739599804,0.106097092884045,-0.352513665275147,-0.606316607972512,-0.240386019154082,-0.500326453403272,0.476521466078882,-0.30228849472547,0.0422188250660195,0.629539923836861,0.00505021903040867,-0.0156760868653525,-0.128512786773244,0.264628101252468,0.58045274796471,-0.600404943094567,0.267626894328521,-0.27704998380235,-0.735356040597592,-0.207628011026945,0.205319016307212,0.315887508356403,0.182096767547429,-1.24870049151017,-0.923175780768935,0.205232368083926,-0.782565734713524,0.00460937405049,0.0550000483852692,-0.767194910292349,-0.170270970098499,-0.689671504183973,-0.152756613745923,-0.534162739862688,0.749035218760955,-0.266395363422483
0.18514435034081,0.511736109191046,-0.00336158425651567,0.746181888606674,-0.651561683708949,0.00529344080804518,-0.881429925125536,-0.92544432591747,0.40170686071061,-0.502521213186909,-0.0965567146673915,-0.201658245984355,-0.485560319067853,-0.52022315929625,0.0428340155938203,-1.80918661711615,-0.697118701514399,-0.180893545129186,-1.12912770627459,-0.425710832877752,-0.0435269575601084,-0.0990587936984285,-0.192795267465413,0.539822166100922,0.00665852014466226,-0.388770691085421,0.333059665045413,0.300103684158803,1.98981886928479,0.540301852929823,1.07707589403626,0.402612576632648,-0.098317918194411,1.0539373628819,0.662319737878708,0.928355946423696,0.107165577979361,-1.42952878145275,0.0613564589245168,-0.470179734300889,-0.467981402532141,-0.38895660925566,0.411297660392586,1.23663093514882,0.201978419323123,0.445999330100994,-0.19778676170195,0.162735922844272,0.672375024078807,1.27442393628585,-0.343418874578536,-0.848884468321173,-0.515099907584172,0.306441484407054,-0.885300324415013,-0.00925225268690338,0.0695903331961149,-1.501769372617,-0.889400644238409,-1.89457778627003
-0.505863268205976,-0.00336158425651567,0.753674329312227,-0.522587765065172,0.247677207552366,0.63624024007271,0.492456403477631,0.133395362232505,0.29544611630272,0.453208431045902,-0.462488751480715,1.02196150806893,0.227090660609375,1.13166459671481,-1.21204208029351,-0.0685674877601986,-0.26292267735624,1.87000642799346,-0.61214762666055,-1.1078439340171,-0.0746604130436614,-0.411402406193133,0.695349156082218,-0.521342357372661,-0.287342144705637,0.597666834780258,0.469142728743447,-0.553033915929854,0.183712812275634,-0.914952852906023,0.495951122166971,0.463984740569299,1.4217751425493,-0.708454842083685,0.597639893706021,0.179713454700303,0.839676896853948,-0.261613194469671,-0.349183669299586,-0.716331066867049,0.337437034840645,1.24893242641264,0.124296475504481,-0.161979775491569,0.247598547702123,0.540646978830855,-0.284480356803371,-0.90920878809927,-0.308553612489745,0.221062840591185,1.83301137492491,-0.321641243493213,0.300858129019853,-0.0985004497016998,0.0157940540761323,-1.01040476233234,-0.312512803815394,0.173652615198022,0.114210668354366,-0.448930777370556
0.685440504698562,0.746181888606674,-0.522587765065172,1.76046479668485,-0.0188268768127385,0.908493179355229,-0.297410725829474,-0.33305146599025,0.78189358453012,-0.519453644053424,-0.435593332401021,-0.447159827989175,1.52377586217214,0.440036904957122,0.251320849943767,-1.44835195855794,0.31060338394077,-0.319968131889104,1.03749836881014,-0.462817895111516,-0.729114024266588,-0.516409804156303,-0.169482006093983,-0.418790795700971,-0.604464396003983,-0.627414704960938,0.142185905098806,0.119508462681654,0.871797472046909,-0.891303549115908,-0.157247439250502,-0.370737338143479,-0.471419318184918,-0.518454525243283,-0.428319779744892,-0.394442050041801,-1.16993085977613,1.39461126958564,0.0322798779148954,0.0469757655953401,0.481077345486766,-0.403824568618487,0.66090064499131,0.457717111042988,1.24170770553954,-0.111177135494693,-1.23865325939009,-0.812390180027395,-0.100318266918545,0.433085028376438,-0.619014741321312,-0.658751420562182,0.532828690172911,0.638605138057396,-0.654204142612852,0.377741931696293,0.77982709195008,-1.05845456357938,0.714094657311912,-0.273840205873063
0.421387147540842,-0.651561683708949,0.247677207552366,-0.0188268768127385,-0.932957517127768,0.878996337339588,-0.183435308846204,0.406410270998128,0.512527978155968,0.96365115983452,0.478269485528264,-0.4406085698661,-0.491851814142214,0.289561037502783,-1.57650725410274,0.483186870048043,-0.0715582240730324,-0.193238737340683,-0.612521623844222,0.531296753061173,0.00126849195483686,-0.194024768156267,-0.553756715608443,0.17275575186064,0.160052426084787,-0.25953588406396,-0.210067764860053,0.32029086885682,-1.10524716455473,-0.811068833140571,1.23511701984872,0.179354425741619,0.581354641560642,0.138047437456274,-0.479210583469956,-0.513888103870518,-1.64162949744044,-0.409206969695831,0.228943838477581,1.03688437495022,-0.580766932948256,-0.963231179342623,1.35599675651254,1.23061715514799,1.09854380029755,-1.3352452358622,-1.67615792117401,-0.0184437448132468,-1.1181241369829,-0.0199301491850836,-1.1783500861252,-1.2053989405553,-0.147343025679307,-0.189884963910444,0.264799791372226,0.369319699811097,1.80759388723637,-1.13493265251187,-0.214617336772553,-0.022992022813219
0.453565095192978,0.00529344080804518,0.63624024007271,0.908493179355229,0.878996337339588,0.13427525863629,0.362741844017996,0.770088221197941,-0.322949034025868,-0.581195381690278,-0.263019605672299,-0.780752737796627,-0.960649358086258,-0.439329013497958,-1.26958622661904,0.486260993722296,1.240723048216,0.397888743047666,0.707435779517987,-0.807643859199233,0.0650027176683984,0.104339488277164,-0.488181223392912,-1.34208624726973,0.121128402042647,-0.189981278749324,-0.266068763486477,-0.77452657646499,0.953620809471155,0.16207348922351,0.233872754842216,0.727273444269335,-0.708281724017915,-0.284279998944476,0.84155463333685,-0.492588846897764,-0.406165700265573,0.360857778608474,-0.885429720756348,1.06330041391773,-1.38731798267162,0.973334003293975,-0.520463654459547,0.6438496354428,0.452324257489488,-1.31219041442111,-0.698066546871032,-0.771116580035677,-0.602942124091118,0.198141486289891,-0.226916778434106,-0.429149067772569,-0.0152655794818024,-0.566783149331897,0.00893126658971136,2.20121161403354,0.369241759188095,1.1674998216701,0.188364749239115,-0.139852114081346
-0.519810581145745,-0.881429925125536,0.492456403477631,-0.297410725829474,-0.183435308846204,0.362741844017996,-2.58117833374376,-0.0457444266934945,0.585442672655588,0.74054824793487,-0.468034471143529,-0.315450225963913,0.925295935646744,0.578545124784862,-1.67321613571263,-0.357241433576344,-0.319235813381267,0.103368684244752,1.40955567571159,-0.0222521869629757,0.711333172826838,-0.733435916151184,0.0856022541969463,0.504288343509305,0.122862362088095,-0.570413117567576,-0.277415146548916,-0.441108166798781,-1.29978496008882,0.587895729820365,-0.218964252957903,-0.0454518518619981,-0.511238851847427,-0.275061057867703,0.716329731537072,-0.103929561706419,-0.237257764025018,-0.471482644125029,1.02581346214305,-0.275999854382297,0.154968562241982,1.22641573557008,-0.354230865531611,-0.453360541185646,-0.627448330757162,0.0399233414679177,-0.368732225130592,-0.722350399147105,0.0912162190252482,-0.274767908072968,-0.623345061351581,-0.311147791305321,-0.096676553552452,-0.344042568467687,-0.223107871390426,-0.637324540833897,1.14841889554621,1.05251846677091,-0.671004095884965,-0.196841058015358
-1.5600005074802,-0.92544432591747,0.133395362232505,-0.33305146599025,0.406410270998128,0.770088221197941,-0.0457444266934945,0.312733480738979,-0.014035871294141,-0.406247743191616,-0.256151845639823,0.595628032387012,-0.10443185650347,-0.403317802802199,0.0936528744576512,1.79634234826954,1.24918417587337,0.513508332884426,-0.99044672461933,0.603976944728864,2.18153783608153,0.870526772781431,-0.246194520292643,-0.611056017496901,0.203970120715615,0.301224521956884,-0.189857880267139,-0.42892656372736,-1.23037583636493,-0.0677572087905287,-0.283739416272706,-0.452519263539533,-0.810213280982058,0.054675680073446,-2.08627136846443,0.167878398509513,0.0341413709614343,-0.84743329279279,-0.35644300669781,0.429633091901615,0.315422189019588,0.00725084414090027,-0.570172147421478,1.3800270345673,-1.46651008274778,0.500668754315058,-0.0964700370281383,-0.585886979507011,-0.529652383627213,-0.616656207513543,0.172242799977689,-0.970335569244756,0.0245813967500274,-0.82111592887125,-0.282013314604223,0.0696339526697651,1.0438199361427,0.0867670580172878,-0.296144825617958,-0.430176892228464
-1.05558596424894,0.40170686071061,0.29544611630272,0.78189358453012,0.512527978155968,-0.322949034025868,0.585442672655588,-0.014035871294141,0.175132476035711,0.137828302609836,-0.474179753041712,0.719073620775201,-0.717738154217332,0.509748518590526,1.64452490445748,-0.105629465075758,-1.11847777639421,0.285808050248632,0.700828737521171,0.531546112162692,-0.30906379153772,0.539015891468526,-0.594820681913252,-0.46230068803145,0.340146010726595,-1.06390815051461,-0.452750937934279,0.756581088401926,0.170109595225856,-0.212943766854292,-0.751390059788862,-0.24588336933777,-1.70716340038183,-0.435262715344462,0.319352215529416,0.509968761450205,-0.318142375924927,0.578322009083234,0.505509404130031,-0.262022342083827,-0.591334150692662,-0.945639288029219,-0.0712517221380503,0.433612019482239,0.585747450146835,0.141180159666773,-0.517170927708341,0.0784186549745874,1.19938935480491,0.764772507343585,0.213385372209304,0.733420314116768,0.453330117500474,0.205377823531555,-0.310800507567314,-0.199251577964161,0.0692274249100549,0.705675508526552,0.307085789402526,0.256494397108047
1.08744622386798,-0.502521213186909,0.453208431045902,-0.519453644053424,0.96365115983452,-0.581195381690278,0.74054824793487,-0.406247743191616,0.137828302609836,-0.433725951584578,0.795741064860614,0.309963119748222,-0.0592737391748484,-0.303333103683306,0.485653651961458,-0.134832861111814,-0.289753869683603,-1.00382879173252,0.93449669987007,-1.60287004961022,0.424314539623418,-0.398216235251638,0.719997203056554,0.334144228929529,-0.954484041745569,0.420389802197873,-1.31422733146724,0.576112795357692,0.260805151165154,-0.0847961132838885,0.273144332217089,-0.111658166330215,0.144242689840594,-0.590534987426701,-0.491293257730756,-1.01874945102103,-1.02344541883286,-0.714048072778425,0.518517641068485,-0.503753457820382,-0.137669333764014,-0.846632123369675,1.14773316522271,-0.535821111371392,0.978933169506464,-0.291390282123058,0.971910157634463,0.01625630453342,-0.972447538749455,-0.220634296142391,-0.87424988472112,-0.0290087413380078,0.281482839295864,-0.64186712515887,0.607596966089709,0.385517430559915,1.29863946997117,-0.612365651485739,-0.470283376640423,1.20381269001222
-0.438597907691835,-0.0965567146673915,-0.462488751480715,-0.435593332401021,0.478269485528264,-0.263019605672299,-0.468034471143529,-0.256151845639823,-0.474179753041712,0.795741064860614,0.0365596350396158,-0.909300353689338,-0.865851626054953,-0.541265266433619,0.758689951265091,0.917540035546343,0.63098142411406,0.899518858694724,-0.466905894142554,1.07000289847157,-0.157956383867179,-0.245283367465618,-0.785232403578756,-0.392078672033472,-0.126823097523728,0.674045190675471,-0.646018926181645,0.218537260758207,0.36187820291253,0.118320441834592,0.795699833827806,-1.36618391299395,0.438728161101766,-0.890416320505017,-0.148597680035253,-0.400228035664911,0.00423963470260116,-0.0978928306235961,0.573115607054265,0.188402144678869,-0.353882134727991,-0.498550300649978,-0.605177704208807,0.00936857515214984,0.055547761206352,0.460084846559069,0.286099718822137,-0.560719429303535,0.310190295274521,0.188142682373739,-0.920382494319387,-0.322445129157032,0.902844088260919,-0.66039814219537,-0.250920471719832,-0.241348476607072,0.588508690420192,0.69882011345223,1.11493235071993,-0.471548280812117
0.314648133513598,-0.201658245984355,1.02196150806893,-0.447159827989175,-0.4406085698661,-0.780752737796627,-0.315450225963913,0.595628032387012,0.719073620775201,0.309963119748222,-0.909300353689338,2.42205270806711,-0.335595305156874,0.635500217218593,-0.668586315723862,0.544532284507856,1.14020130454865,-0.454665114937378,2.01343461228387,-1.07652776299744,0.573678476435237,0.0127282458585982,-0.555980525302196,-0.533358273380278,-0.707762527577487,-1.32789904220446,0.159369007611979,0.170894817163767,-1.05084618005866,-1.70978824942203,-0.887327272477173,0.0492957145998342,-0.130898754192622,0.1394068459512,-0.427443228765179,0.961917612248835,-0.5391449940466,-0.764496462923387,-0.26077131701371,-0.999923785253418,-0.223226624979101,-0.577640801929598,1.23763932080791,-0.146705850506625,0.871264690630632,1.06193361804969,-0.333251910846453,0.486010547671727,-0.808455188351123,-0.276462992637419,1.08644980849205,0.646513170667487,-1.07274093036566,-1.27408462635285,0.451505196969781,0.036668702050163,0.721914728260664,-0.956774728877076,0.103900565515909,-0.242200358994778
-0.169897147412061,-0.485560319067853,0.227090660609375,1.52377586217214,-0.491851814142214,-0.960649358086258,0.925295935646744,-0.10443185650347,-0.717738154217332,-0.0592737391748484,-0.865851626054953,-0.335595305156874,0.00429870806604474,-0.328709971694679,0.525115871168268,-1.04869803646326,0.788527634420166,-0.506263364120548,0.257563701295888,-0.291498952245021,0.16679113668532,-1.01080056144928,0.245862663963501,-0.181535789885129,0.405893504123916,-1.11722929580213,-0.12316098007479,1.00714843710058,0.38147031214498,-0.956067279809254,1.35837181874782,-0.375673232189565,0.15875646887746,0.832825060523811,-0.00985673619807334,-1.25212067411505,-0.250925722292892,0.824079023501594,-0.209565067545432,0.0237976018557104,-0.376809208257117,1.01698462586014,-0.0883710742899035,-0.00772796625075767,-0.00260524738686732,-0.210686798831686,-0.362400480313665,-0.20012885402705,0.874183003811311,-0.0150481560496316,-1.14158390867523,0.606786165326455,0.346014319655408,0.702073842228154,-0.652132645464632,0.274232049841455,-0.317692395908662,0.958298250471289,-0.167732691358673,-1.47458768935952
-0.978237299624397,-0.52022315929625,1.13166459671481,0.440036904957122,0.289561037502783,-0.439329013497958,0.578545124784862,-0.403317802802199,0.509748518590526,-0.303333103683306,-0.541265266433619,0.635500217218593,-0.328709971694679,0.577432721169062,1.91629624713813,0.532641273276069,0.527502231857243,0.436121775075856,-0.273648005115877,-0.563430670621277,-0.204092907480196,-0.8824997459792,-0.524153697093848,0.200167939488658,0.108018837309108,0.827024811060725,0.0920193889214887,-0.524648753198794,0.765834354762361,-0.76886552695466,0.252553414019812,0.578528133575918,-0.477689615230017,0.0860475691762847,-1.77180941783848,0.341399872467637,0.272128077285884,0.663979288978156,-0.735340109296305,1.0337817047342,-0.093195834749092,0.618579244129631,0.658539792462566,0.613985881927275,0.652158923466185,0.322805858286585,-0.535038967841719,-0.371782499394834,0.423585856955731,0.738707473628335,0.304686498776646,0.966244627130277,-0.0187781503984044,0.134534511599019,-0.475815483677578,1.33689896639668,-1.13137388779108,-0.633125625401301,0.196247771629541,-1.81254618648804
0.496559375377395,0.0428340155938203,-1.21204208029351,0.251320849943767,-1.57650725410274,-1.26958622661904,-1.67321613571263,0.0936528744576512,1.64452490445748,0.485653651961458,0.758689951265091,-0.668586315723862,0.525115871168268,1.91629624713813,0.513180489334633,-0.326853347617947,0.448362497346685,0.325619704708564,0.0584942797291944,-1.09151108818735,-0.504497879658474,0.0896100379614863,-1.00112459352356,-1.27095149064661,-0.526445352503558,0.956332976237794,0.625156020627939,-0.0398178943389559,-1.21462820456629,-0.216751521671531,0.227024816678198,-0.751735845045949,0.988207263021709,0.107359609684747,-0.554277383868895,0.766769745415374,-0.651912920924656,-0.624670530386425,1.62417964544269,0.969012248252364,0.198093403532784,-0.182346021087714,1.23877340225399,0.27630088512171,0.529310545499813,0.118599665725137,-0.168912367824218,0.00858550837713989,-0.705518517858273,0.402918405755459,0.834756881817152,0.816137858155069,0.236695966251748,0.775219858687867,0.477810534390509,-0.603082856533729,0.920077711508962,-0.837245311180978,0.449146054343647,0.315320704136715
-0.00418732287201881,-1.80918661711615,-0.0685674877601986,-1.44835195855794,0.483186870048043,0.486260993722296,-0.357241433576344,1.79634234826954,-0.105629465075758,-0.134832861111814,0.917540035546343,0.544532284507856,-1.04869803646326,0.532641273276069,-0.326853347617947,-0.998261819541565,0.48010490891232,0.485037058789196,-1.21679992394897,-0.274113409808286,-0.533888512536053,0.135381073998521,0.589511798293021,0.608237352347935,0.363339882145439,-0.0730439777112724,0.933662118861563,-0.036029224864965,-0.318534581927807,-0.0974181079463245,1.41825963698044,0.57478263564891,-0.511185660590101,-0.249606879459563,-0.159055913359319,0.367566651339303,-0.0822759709990142,0.0269069938743184,0.786981088204916,0.235261517329093,-0.349661899401699,-1.38509902541871,0.359624216971366,0.246841288803117,-0.562516710979058,0.753206497432923,0.642494131616157,0.695909250979884,0.564513745145035,1.24914527430783,-0.531272072825843,-0.808199038555781,-0.0188188937493947,-0.849871944612933,-0.712047495513323,0.00127019458279762,-0.382388854205035,-1.05396898263161,0.446938909596628,-0.197999743325441
-0.351658020955273,-0.697118701514399,-0.26292267735624,0.31060338394077,-0.0715582240730324,1.240723048216,-0.319235813381267,1.24918417587337,-1.11847777639421,-0.289753869683603,0.63098142411406,1.14020130454865,0.788527634420166,0.527502231857243,0.448362497346685,0.48010490891232,-1.12935100210619,-0.344727463766948,-1.2817371244286,0.667143405342802,-0.191495379027755,-1.61476516215979,0.409560146959116,-0.787978542854116,-0.665974846890725,-0.2920234562879,0.222139018526671,0.207020174544343,0.352041934268015,-0.0748823802951604,1.14314638536255,0.250923503878957,-0.0248298576277717,-0.264206813221861,0.671054292779977,0.701065047568099,0.351520184861441,-0.698403125857354,-0.477491297496511,-1.36334588020113,-0.0111920974235788,-0.12333462675964,-0.946264908409454,0.0888488008616538,-0.467995611305604,0.0222419093572186,-0.231169377073155,-0.712749315763972,-0.142803017423104,0.940917451853607,0.995906561753504,-0.0517480289778398,0.0336442124705121,1.2223713314026,-0.849187339492005,0.0051804653998776,-0.479885133144663,0.399241953746969,0.231793557407441,-0.616578146449261
0.0926040905420689,-0.180893545129186,1.87000642799346,-0.319968131889104,-0.193238737340683,0.397888743047666,0.103368684244752,0.513508332884426,0.285808050248632,-1.00382879173252,0.899518858694724,-0.454665114937378,-0.506263364120548,0.436121775075856,0.325619704708564,0.485037058789196,-0.344727463766948,-0.386307773021287,-0.816108820975467,0.260932306162801,-0.570396274489159,-0.659314802914542,-0.359513423616367,0.0574330058432899,0.450507896784065,-0.520814795530663,-0.998634961238445,0.323236308642437,-0.800818468521068,0.797067773057954,-0.0738797211997916,0.534318914131816,-0.239776628162378,-0.815897416894927,-0.27594013043941,0.037879947507982,-1.51513801778024,0.0476156873061586,0.220487369338198,-0.282412710986528,1.04119454725097,0.120576012653809,0.0193691468040398,-0.674540362133076,-0.535803439515836,-1.06617239369907,0.933742850127231,-0.878089282908759,-0.0470426037564235,0.795080893508362,0.0919683787534689,-0.163207589494705,-0.302760471040064,-0.0859111095248068,0.544611450069709,0.796976064383126,-0.196977979169566,-0.144100422663596,0.853841992758983,-0.324762842475771
-0.485044977338368,-1.12912770627459,-0.61214762666055,1.03749836881014,-0.612521623844222,0.707435779517987,1.40955567571159,-0.99044672461933,0.700828737521171,0.93449669987007,-0.466905894142554,2.01343461228387,0.257563701295888,-0.273648005115877,0.0584942797291944,-1.21679992394897,-1.2817371244286,-0.816108820975467,-1.05004111904859,0.726251305364846,1.0941592584209,-0.59246061812924,0.579722677950666,-1.1195415187184,0.388701139046094,0.749390270707195,-0.565036643910739,0.671591846569256,-0.31413821102225,0.133078260478734,0.850811155666073,1.05072257842145,-0.807467474586989,-0.0918224644697018,-0.442139022903862,0.25144893533587,0.278446852845178,0.425977981215474,0.469981933028165,0.821747771737782,-1.06442313184228,1.16575582743379,-0.987410714005321,1.48302721821066,-1.3705720558724,0.515711925064838,-0.294722821227561,0.149396811040912,0.169823889720263,0.460222244258742,-0.317959997303,1.07895759816097,-1.44234524218787,-0.158836137194654,-1.33572207185359,0.198487223501034,-0.353240308272674,0.497483078280892,0.503102008057545,-0.58252795127901
-0.172980682996346,-0.425710832877752,-1.1078439340171,-0.462817895111516,0.531296753061173,-0.807643859199233,-0.0222521869629757,0.603976944728864,0.531546112162692,-1.60287004961022,1.07000289847157,-1.07652776299744,-0.291498952245021,-0.563430670621277,-1.09151108818735,-0.274113409808286,0.667143405342802,0.260932306162801,0.726251305364846,1.76386824866446,-0.807646265817669,0.446042670243929,1.05579909002689,-0.0308529534463916,-0.474206762867026,-0.820046594422656,0.108136376654962,0.780902453050554,1.24986131742023,0.0627921441194197,-0.892660931372791,0.990156154672711,-0.080120722604775,1.46843647798076,-0.857192923750322,-0.930092699363291,-0.752588794293038,-0.406251112667848,2.0261873022551,-0.345991542053705,-0.576311470921517,0.539999777992604,0.714015574746875,-0.56704840388334,-0.960142082040437,0.124945196800001,1.49432373199083,0.047309222515565,-0.366639428279047,1.04359857330983,0.293224197618815,0.0920512494866446,-0.32766710755393,-1.33092907484665,0.399461425292061,-0.375742648457963,-0.176786492614732,-1.48505322288991,0.00761176221276588,-1.04238396023469
0.877570492153685,-0.0435269575601084,-0.0746604130436614,-0.729114024266588,0.00126849195483686,0.0650027176683984,0.711333172826838,2.18153783608153,-0.30906379153772,0.424314539623418,-0.157956383867179,0.573678476435237,0.16679113668532,-0.204092907480196,-0.504497879658474,-0.533888512536053,-0.191495379027755,-0.570396274489159,1.0941592584209,-0.807646265817669,0.291240611897524,-0.496907304969896,-0.353503773009592,-0.0835397994494892,1.29373006100491,0.893365348827239,-0.341705890304885,0.00859612400294372,-0.24151180055098,0.150698535810492,-0.103739841551228,-1.47843714752236,0.255727570054248,0.823070815926087,-0.980419162469074,1.36717861817217,-1.62758476686023,0.98090938670225,-0.496302495767047,-2.03797304339055,-1.31218806511602,0.197240513777182,0.0488228289512717,0.743784548081006,-0.190446475724972,0.089526870401546,1.44052548366375,-0.488154945290871,0.778317318185891,1.44765159787919,0.634590915573471,1.86517402693472,-1.05940661646338,1.57275975516047,-0.266881416953338,-0.286501391342816,0.527240276874082,0.458505425927175,-0.530856580747063,0.618676718409157
-0.00591830069765598,-0.0990587936984285,-0.411402406193133,-0.516409804156303,-0.194024768156267,0.104339488277164,-0.733435916151184,0.870526772781431,0.539015891468526,-0.398216235251638,-0.245283367465618,0.0127282458585982,-1.01080056144928,-0.8824997459792,0.0896100379614863,0.135381073998521,-1.61476516215979,-0.659314802914542,-0.59246061812924,0.446042670243929,-0.496907304969896,-0.0729050662508208,0.0359355047267071,0.662569501028461,0.701271489525087,-0.837257862485387,0.207075948094264,-0.933145581813278,0.15712735529135,-1.25053222013348,-0.314125522741482,0.0984778392515179,0.451390268944503,-1.52220996294956,0.0811333457064835,0.1404978007437,-0.0249644841306355,-1.02489312259415,1.08210021729602,-0.0633760549226816,-0.602453939338275,0.387248341095133,2.09347636107247,0.0800190422182958,0.1705344379316,0.997472289472015,0.0562928558741947,-0.154255126178771,1.57673852522075,0.202425180535117,0.750205573956627,-1.01728409037725,0.83477276721686,-0.926782885856036,0.746377427466925,-1.17481398749878,-0.861741175773978,0.222874017148217,-0.305843979343116,-0.196747084821085
0.267815293499345,-0.192795267465413,0.695349156082218,-0.169482006093983,-0.553756715608443,-0.488181223392912,0.0856022541969463,-0.246194520292643,-0.594820681913252,0.719997203056554,-0.785232403578756,-0.555980525302196,0.245862663963501,-0.524153697093848,-1.00112459352356,0.589511798293021,0.409560146959116,-0.359513423616367,0.579722677950666,1.05579909002689,-0.353503773009592,0.0359355047267071,0.904122585316267,-0.468233679683401,0.117336470379258,-0.00452583309154592,0.093055511362921,0.745707692621058,-0.318243201211649,0.272911994250921,0.327900878831845,-0.758303553396017,0.858156817577203,0.647615952979037,0.0825439089102502,-0.146662007482475,0.710084795882991,1.05061380092594,-0.608772990720079,0.046313350901771,0.959691671157513,-1.64099000456871,-0.355215669006059,0.955631339695944,-0.472782614958055,0.557163972500302,-1.09016368073484,-1.5915114479772,0.302941373698994,0.231813470501444,-0.496318578026266,1.43273490529115,1.09004205584578,0.826265281764789,0.0362943530915836,-1.288248277618,-1.15927927624635,0.520755416620059,-0.786407557112878,-0.332553838758513
-0.869281325395843,0.539822166100922,-0.521342357372661,-0.418790795700971,0.17275575186064,-1.34208624726973,0.504288343509305,-0.611056017496901,-0.46230068803145,0.334144228929529,-0.392078672033472,-0.533358273380278,-0.181535789885129,0.200167939488658,-1.27095149064661,0.608237352347935,-0.787978542854116,0.0574330058432899,-1.1195415187184,-0.0308529534463916,-0.0835397994494892,0.662569501028461,-0.468233679683401,-0.524958110945035,0.655509245224196,-0.414142431949326,0.5344202232859,-0.857033259213282,-0.21375147538545,-0.0451356708932033,0.657085639934022,0.504017817956207,0.789236052653198,0.294361817515706,-0.165443103327915,-0.0282911753939725,0.131221206229188,-0.625266298931806,0.22008167756136,-0.740298084439988,-0.949342011082085,0.102387049860561,-0.741504998290855,-0.00833958731700873,-0.616722836331149,-0.1607530349313,-0.630654105233656,1.10302404218405,-0.238735690052024,0.470357842033899,-0.137923436556273,0.979981753949557,0.223199180548429,-0.139019253367374,0.0918873066839295,-0.894878493827284,0.237119551740741,-0.620942994744037,-0.853060162102196,0.57215964840691
0.460520739599804,0.00665852014466226,-0.287342144705637,-0.604464396003983,0.160052426084787,0.121128402042647,0.122862362088095,0.203970120715615,0.340146010726595,-0.954484041745569,-0.126823097523728,-0.707762527577487,0.405893504123916,0.108018837309108,-0.526445352503558,0.363339882145439,-0.665974846890725,0.450507896784065,0.388701139046094,-0.474206762867026,1.29373006100491,0.701271489525087,0.117336470379258,0.655509245224196,-1.44791990733422,0.576278465880041,0.490225646091119,-0.469659319854034,0.960832330886485,0.160786262272093,-0.232937633628169,0.571140138073295,-0.0102369279786722,-0.195588685079746,-0.364856967089707,-1.17933049416582,0.0522768425020769,-0.407280131335981,-0.114809049415666,0.559085806627827,-1.32054538970352,-0.158913252214252,0.0129506210667468,0.987904028763124,1.51416139756102,0.136460273941156,-0.887220129411227,0.556460478252214,-1.23114637710682,0.646019011901037,-0.394185048079685,0.547994762399945,-0.970320760017827,-0.390863348287506,0.515747268575239,-0.0862397745409835,-0.486893748491402,-0.551656105059479,0.270476405892383,0.934607136726562
0.106097092884045,-0.388770691085421,0.597666834780258,-0.627414704960938,-0.25953588406396,-0.189981278749324,-0.570413117567576,0.301224521956884,-1.06390815051461,0.420389802197873,0.674045190675471,-1.32789904220446,-1.11722929580213,0.827024811060725,0.956332976237794,-0.0730439777112724,-0.2920234562879,-0.520814795530663,0.749390270707195,-0.820046594422656,0.893365348827239,-0.837257862485387,-0.00452583309154592,-0.414142431949326,0.576278465880041,-0.415235468364116,0.0889931253978098,-0.640909174684619,0.346949148584966,-0.556963648701567,-0.36465730074393,0.185320247720302,-0.0703227059231681,0.742624351610057,0.08861236114825,-0.478180878726732,-1.2175678038482,0.338922251663294,-0.0578771769688045,-0.198150311945373,-0.10797072088935,0.162483052680379,0.305272880391901,0.428607544374244,-0.490221473093477,-0.55808890498321,0.71704862631908,0.934372907781114,-0.702051052978993,1.82572616564453,-0.0043358992816574,-0.261698135241383,0.523945128668305,0.238608251331913,-0.303998713043676,-1.02772577720552,-0.924517625574966,-0.623394624952056,-0.0108218839752516,0.347856052995922
-0.352513665275147,0.333059665045413,0.469142728743447,0.142185905098806,-0.210067764860053,-0.266068763486477,-0.277415146548916,-0.189857880267139,-0.452750937934279,-1.31422733146724,-0.646018926181645,0.159369007611979,-0.12316098007479,0.0920193889214887,0.625156020627939,0.933662118861563,0.222139018526671,-0.998634961238445,-0.565036643910739,0.108136376654962,-0.341705890304885,0.207075948094264,0.093055511362921,0.5344202232859,0.490225646091119,0.0889931253978098,-0.742187834658665,1.02917592473719,0.771790770292254,-0.0207172321124986,-0.879426400856582,0.195955510131344,-0.133864785635998,0.918125544343423,-0.579069025559177,-1.11810272273357,0.289230959863675,-0.168534130437335,0.258669950175501,0.337423229740715,-0.616094756698726,0.139798480742051,-0.503135694104532,-0.426321052146231,-0.693518691313485,-0.483124303023287,0.253661863650051,-0.0755210590523977,-0.282313045999734,-0.701788605306879,0.453027918024512,-0.0439357108295276,-0.333072200368514,-0.419735495320742,-0.992356603282933,-0.555081980680649,0.0131901274519622,0.981094741701862,-0.350878368685202,0.595887784116967
-0.606316607972512,0.300103684158803,-0.553033915929854,0.119508462681654,0.32029086885682,-0.77452657646499,-0.441108166798781,-0.42892656372736,0.756581088401926,0.576112795357692,0.218537260758207,0.170894817163767,1.00714843710058,-0.524648753198794,-0.0398178943389559,-0.036029224864965,0.207020174544343,0.323236308642437,0.671591846569256,0.780902453050554,0.00859612400294372,-0.933145581813278,0.745707692621058,-0.857033259213282,-0.469659319854034,-0.640909174684619,1.02917592473719,-0.612855537036417,0.153107418449821,0.0699510472397383,0.68031446400338,-0.304378367662984,0.719586103307726,-0.641352675584024,-0.350576266425299,0.710552552416582,-0.34057410349008,0.333910282716503,-0.784466978885926,-0.43137239855633,0.882541826009877,-0.629314933957662,0.71158355611635,0.0901388997012873,-0.158534632447564,-1.18183451822143,-0.131289861557855,0.278505055908253,0.155532196916829,-0.0347484252712947,-0.685251870205197,0.922541533283162,-0.316378547725229,0.077042949446531,-1.00586765238764,-0.0906277973273635,0.67693607562269,0.180885692429658,-0.253626650779444,1.2270445952323
-0.240386019154082,1.98981886928479,0.183712812275634,0.871797472046909,-1.10524716455473,0.953620809471155,-1.29978496008882,-1.23037583636493,0.170109595225856,0.260805151165154,0.36187820291253,-1.05084618005866,0.38147031214498,0.765834354762361,-1.21462820456629,-0.318534581927807,0.352041934268015,-0.800818468521068,-0.31413821102225,1.24986131742023,-0.24151180055098,0.15712735529135,-0.318243201211649,-0.21375147538545,0.960832330886485,0.346949148584966,0.771790770292254,0.153107418449821,0.885311695996305,-0.548565041606687,0.137263661572358,0.847282984917801,0.338000288285648,-0.148501971317189,-0.0675005812800472,1.0548647544989,0.0596147335875403,-0.0752189265584751,0.016719856757888,-0.294571367036731,-0.303031817020728,0.844979673560603,0.868069733061346,-0.592312399691873,-0.0762709281095814,0.140200839946439,0.947513691055879,-0.410140661538219,-0.524642088347051,1.59535141319963,-1.19473574048547,-0.325639553648936,-0.348098653393949,0.147806129462165,-0.415912128324809,0.142284730127461,-0.173284122183187,0.527164249243892,0.648912954448649,0.230951132808713
-0.500326453403272,0.540301852929823,-0.914952852906023,-0.891303549115908,-0.811068833140571,0.16207348922351,0.587895729820365,-0.0677572087905287,-0.212943766854292,-0.0847961132838885,0.118320441834592,-1.70978824942203,-0.956067279809254,-0.76886552695466,-0.216751521671531,-0.0974181079463245,-0.0748823802951604,0.797067773057954,0.133078260478734,0.0627921441194197,0.150698535810492,-1.25053222013348,0.272911994250921,-0.0451356708932033,0.160786262272093,-0.556963648701567,-0.0207172321124986,0.0699510472397383,-0.548565041606687,0.867597604296727,-0.187981607443687,-0.165061823950402,0.725726378501783,-0.285755235703463,-1.54158170002887,-0.085330975589763,-0.0663493720441661,-0.468890808138067,0.149912558233908,-0.128529967228093,-0.711881031432027,-0.0755048097735906,-0.179511692850685,-1.45425389895413,1.01045896851663,0.524427958426508,1.25728639116658,0.513186258511416,1.26853965271396,0.421937468351887,0.0339764041377886,0.487724535760398,-0.455078671191071,0.635440361065726,1.04370706707266,-1.48042807887867,0.157887770004344,1.15376297748512,1.88676264092692,0.562191291277465
0.476521466078882,1.07707589403626,0.495951122166971,-0.157247439250502,1.23511701984872,0.233872754842216,-0.218964252957903,-0.283739416272706,-0.751390059788862,0.273144332217089,0.795699833827806,-0.887327272477173,1.35837181874782,0.252553414019812,0.227024816678198,1.41825963698044,1.14314638536255,-0.0738797211997916,0.850811155666073,-0.892660931372791,-0.103739841551228,-0.314125522741482,0.327900878831845,0.657085639934022,-0.232937633628169,-0.36465730074393,-0.879426400856582,0.68031446400338,0.137263661572358,-0.187981607443687,0.00699592801799926,0.55120892892612,1.1824456781435,-0.373395056273664,-0.568091847429942,0.0104506748218104,1.17041192512541,0.926161341503551,0.693719164866709,1.70761583999265,0.492920778289501,0.0823050576506248,-0.930647996577686,-0.424067024986267,-0.608593190703087,0.220376818479068,0.643841959129784,0.70132717209464,0.78312756880044,1.44007825719319,0.822569023169935,0.257132612607755,1.21716075686692,1.13193499352481,-0.642083409103542,-0.208241526750248,-0.694713896953189,0.608539806165256,1.07954465543703,0.112882069352457
-0.30228849472547,0.402612576632648,0.463984740569299,-0.370737338143479,0.179354425741619,0.727273444269335,-0.0454518518619981,-0.452519263539533,-0.24588336933777,-0.111658166330215,-1.36618391299395,0.0492957145998342,-0.375673232189565,0.578528133575918,-0.751735845045949,0.57478263564891,0.250923503878957,0.534318914131816,1.05072257842145,0.990156154672711,-1.47843714752236,0.0984778392515179,-0.758303553396017,0.504017817956207,0.571140138073295,0.185320247720302,0.195955510131344,-0.304378367662984,0.847282984917801,-0.165061823950402,0.55120892892612,-1.79846013081045,0.332513574181052,0.786793367702298,0.0243121675101702,-1.18120937046023,-1.55331929192117,0.0767567742688265,0.909096873909459,1.26754389956892,0.49022261540388,-0.504074636864708,0.319931203082841,0.49067943328538,1.22205093625552,-0.312199221041135,0.235356150841335,0.929444714391201,0.0990266250013559,-1.22030803967272,-0.621046815083041,0.760858991020671,-1.05993244217374,-0.865650554447039,0.675730580683073,0.632619271786458,0.473292798170086,-0.317173460687466,-1.71680391881238,0.110894966897026
0.0422188250660195,-0.098317918194411,1.4217751425493,-0.471419318184918,0.581354641560642,-0.708281724017915,-0.511238851847427,-0.810213280982058,-1.70716340038183,0.144242689840594,0.438728161101766,-0.130898754192622,0.15875646887746,-0.477689615230017,0.988207263021709,-0.511185660590101,-0.0248298576277717,-0.239776628162378,-0.807467474586989,-0.080120722604775,0.255727570054248,0.451390268944503,0.858156817577203,0.789236052653198,-0.0102369279786722,-0.0703227059231681,-0.133864785635998,0.719586103307726,0.338000288285648,0.725726378501783,1.1824456781435,0.332513574181052,-0.707278672348808,0.945604172621812,0.59078271965838,1.06950159335482,0.509205335566534,0.459905649229018,-1.24562387360215,-0.722656165509589,-0.660466013493189,0.668621090133919,0.654100436507264,0.214167075464759,0.49169572697144,-0.359940636066576,0.157480762789882,0.171090849185976,-0.58541191473112,0.499335185457175,0.563622312840539,1.28785867115419,0.762487719523168,-0.566341154570133,0.48123441247735,-1.11709049479206,-1.20792144381357,-0.680856909671787,0.361439368443529,-0.211928125410519
0.629539923836861,1.0539373628819,-0.708454842083685,-0.518454525243283,0.138047437456274,-0.284279998944476,-0.275061057867703,0.054675680073446,-0.435262715344462,-0.590534987426701,-0.890416320505017,0.1394068459512,0.832825060523811,0.0860475691762847,0.107359609684747,-0.249606879459563,-0.264206813221861,-0.815897416894927,-0.0918224644697018,1.46843647798076,0.823070815926087,-1.52220996294956,0.647615952979037,0.294361817515706,-0.195588685079746,0.742624351610057,0.918125544343423,-0.641352675584024,-0.148501971317189,-0.285755235703463,-0.373395056273664,0.786793367702298,0.945604172621812,-0.706155540847239,-0.613267768344948,-0.085684635164299,-0.754206593522613,-0.145330186618078,1.2722049497082,0.864383460128354,0.633623608902598,0.865262212766721,-0.284683664022063,1.19023934289572,0.0599275607515893,-0.429272779675243,0.188519769324832,0.193419280867425,0.67767527445677,-0.851995009702418,0.132963328563945,-0.0961542252148596,0.372156521960825,0.758030736510843,-0.442257838264921,-0.143528820211658,0.42801648868027,0.779242446084484,0.609894171542592,-0.569759737437918
0.00505021903040867,0.662319737878708,0.597639893706021,-0.428319779744892,-0.479210583469956,0.84155463333685,0.716329731537072,-2.08627136846443,0.319352215529416,-0.491293257730756,-0.148597680035253,-0.427443228765179,-0.00985673619807334,-1.77180941783848,-0.554277383868895,-0.159055913359319,0.671054292779977,-0.27594013043941,-0.442139022903862,-0.857192923750322,-0.980419162469074,0.0811333457064835,0.0825439089102502,-0.165443103327915,-0.364856967089707,0.08861236114825,-0.579069025559177,-0.350576266425299,-0.0675005812800472,-1.54158170002887,-0.568091847429942,0.0243121675101702,0.59078271965838,-0.613267768344948,-0.413384337232672,-0.587891378304108,-0.394788841902933,0.779995477982956,0.636155808562443,-1.18303377884145,0.462432557161192,-0.889872922796721,-0.876186717892873,0.471827642026096,0.10216758870952,-0.659867115089847,0.554483193954554,1.50059822215669,-0.234292346556048,-0.0879889128146671,0.104492004770916,-0.465011461861038,0.15151859233396,-0.782376676143097,-0.817624610848832,0.671616395308097,-0.0317577734103093,-0.621176856295292,0.0782789865619556,0.748282790687099
-0.0156760868653525,0.928355946423696,0.179713454700303,-0.394442050041801,-0.513888103870518,-0.492588846897764,-0.103929561706419,0.167878398509513,0.509968761450205,-1.01874945102103,-0.400228035664911,0.961917612248835,-1.25212067411505,0.341399872467637,0.766769745415374,0.367566651339303,0.701065047568099,0.037879947507982,0.25144893533587,-0.930092699363291,1.36717861817217,0.1404978007437,-0.146662007482475,-0.0282911753939725,-1.17933049416582,-0.478180878726732,-1.11810272273357,0.710552552416582,1.0548647544989,-0.085330975589763,0.0104506748218104,-1.18120937046023,1.06950159335482,-0.085684635164299,-0.587891378304108,1.52472361901231,0.100217874775923,-0.466081037754057,-0.0965195130528658,-0.148204356387055,-0.325206595194759,-0.0420842038709584,-0.491841348927029,0.228061995823944,-0.761049119303082,0.55544427977383,0.54142802287614,-0.4044551287839,-0.515597900105257,1.02220948894121,-1.065910959687,0.534038094508438,-0.33126083383241,1.89388916297631,-0.521388463188291,0.187434971055238,0.387878236476761,-0.301460841785537,-0.95627103153273,0.542430886100091
